# name: debug
# type: sparse matrix
# nnz: 3537
# rows: 357
# columns: 357

1 1 1000
2 1 0
3 1 0
4 1 -500
5 1 0
6 1 0
1 2 0
2 2 1000
3 2 225
4 2 0
5 2 -500
6 2 0
1 3 0
2 3 225
3 3 1101.25
4 3 0
5 3 -225
6 3 -500
1 4 -500
2 4 0
3 4 0
4 4 1700
5 4 0
6 4 -5600
7 4 -500
8 4 0
9 4 0
244 4 -700
245 4 0
246 4 0
1 5 0
2 5 -500
3 5 -225
4 5 0
5 5 1700
6 5 3095
7 5 0
8 5 -500
9 5 0
244 5 0
245 5 -700
246 5 0
1 6 0
2 6 0
3 6 -500
4 6 -5600
5 6 3095
6 6 58368.25
7 6 0
8 6 -225
9 6 -500
244 6 5600
245 6 -2870
246 6 -700
4 7 -500
5 7 0
6 7 0
7 7 1000
8 7 0
9 7 0
10 7 -500
11 7 0
12 7 0
4 8 0
5 8 -500
6 8 -225
7 8 0
8 8 1000
9 8 225
10 8 0
11 8 -500
12 8 0
4 9 0
5 9 0
6 9 -500
7 9 0
8 9 225
9 9 1101.25
10 9 0
11 9 -225
12 9 -500
7 10 -500
8 10 0
9 10 0
10 10 1700
11 10 0
12 10 -5579.84872
13 10 -500
14 10 0
15 10 0
250 10 -700
251 10 0
252 10 0
7 11 0
8 11 -500
9 11 -225
10 11 0
11 11 1700
12 11 2450.90526
13 11 0
14 11 -500
15 11 0
250 11 0
251 11 -700
252 11 0
7 12 0
8 12 0
9 12 -500
10 12 -5579.84872
11 12 2450.90526
12 12 53757.7742
13 12 -20.1512776
14 12 -210.905255
15 12 -500
250 12 5600
251 12 -2240
252 12 -700
10 13 -500
11 13 0
12 13 -20.1512776
13 13 1000
14 13 0
15 13 75.1735541
16 13 -500
17 13 0
18 13 0
10 14 0
11 14 -500
12 14 -210.905255
13 14 0
14 14 1000
15 14 241.779102
16 14 0
17 14 -500
18 14 0
10 15 0
11 15 0
12 15 -500
13 15 75.1735541
14 15 241.779102
15 15 1128.21639
16 15 -75.1735541
17 15 -241.779102
18 15 -500
13 16 -500
14 16 0
15 16 -75.1735541
16 16 1700
17 16 7.99360578e-15
18 16 -5735.13326
19 16 -500
20 16 -8.8817842e-16
21 16 0
256 16 -700
257 16 -7.10542736e-15
258 16 0
13 17 0
14 17 -500
15 17 -241.779102
16 17 7.99360578e-15
17 17 1700
18 17 1761.40008
19 17 8.8817842e-16
20 17 -500
21 17 0
256 17 7.10542736e-15
257 17 -700
258 17 0
13 18 0
14 18 0
15 18 -500
16 18 -5735.13326
17 18 1761.40008
18 18 52394.606
19 18 1.67849086
20 18 -155.158183
21 18 -500
256 18 5733.45476
257 18 -1606.2419
258 18 -700
16 19 -500
17 19 8.8817842e-16
18 19 1.67849086
19 19 1000
20 19 8.8817842e-16
21 19 11.0150781
22 19 -500
23 19 0
24 19 0
16 20 -8.8817842e-16
17 20 -500
18 20 -155.158183
19 20 8.8817842e-16
20 20 1000
21 20 208.12302
22 20 0
23 20 -500
24 20 0
16 21 0
17 21 0
18 21 -500
19 21 11.0150781
20 21 208.12302
21 21 1086.87305
22 21 -11.0150781
23 21 -208.12302
24 21 -500
19 22 -500
20 22 0
21 22 -11.0150781
22 22 1700
23 22 0
24 22 -5808.06966
25 22 -500
26 22 0
27 22 0
262 22 -700
263 22 0
264 22 0
19 23 0
20 23 -500
21 23 -208.12302
22 23 0
23 23 1700
24 23 1276.82926
25 23 0
26 23 -500
27 23 0
262 23 0
263 23 -700
264 23 0
19 24 0
20 24 0
21 24 -500
22 24 -5808.06966
23 24 1276.82926
24 24 50668.062
25 24 61.543676
26 24 -179.181043
27 24 -500
262 24 5746.52599
263 24 -1097.64822
264 24 -700
22 25 -500
23 25 0
24 25 61.543676
25 25 1000
26 25 -1.42108547e-14
27 25 -5.93717766
28 25 -500
29 25 1.42108547e-14
30 25 0
22 26 0
23 26 -500
24 26 -179.181043
25 26 -1.42108547e-14
26 26 1000
27 26 189.72942
28 26 -1.42108547e-14
29 26 -500
30 26 0
22 27 0
23 27 0
24 27 -500
25 27 -5.93717766
26 27 189.72942
27 27 1072.06501
28 27 5.93717766
29 27 -189.72942
30 27 -500
25 28 -500
26 28 -1.42108547e-14
27 28 5.93717766
28 28 1700
29 28 -1.42108547e-14
30 28 -5668.62521
31 28 -500
32 28 0
33 28 0
268 28 -700
269 28 0
270 28 0
25 29 1.42108547e-14
26 29 -500
27 29 -189.72942
28 29 -1.42108547e-14
29 29 1700
30 29 776.269462
31 29 0
32 29 -500
33 29 0
268 29 0
269 29 -700
270 29 0
25 30 0
26 30 0
27 30 -500
28 30 -5668.62521
29 30 776.269462
30 30 47895.9076
31 30 16.5724221
32 30 -195.095893
33 30 -500
268 30 5652.05279
269 30 -581.173569
270 30 -700
28 31 -500
29 31 0
30 31 16.5724221
31 31 1000
32 31 0
33 31 -159.247507
34 31 -500
35 31 0
36 31 0
28 32 0
29 32 -500
30 32 -195.095893
31 32 0
32 32 1000
33 32 201.802305
34 32 0
35 32 -500
36 32 0
28 33 0
29 33 0
30 33 -500
31 33 -159.247507
32 33 201.802305
33 33 1132.16788
34 33 159.247507
35 33 -201.802305
36 33 -500
31 34 -500
32 34 0
33 34 159.247507
34 34 1700
35 34 0
36 34 -5423.20727
37 34 -500
38 34 0
39 34 0
274 34 -700
275 34 0
276 34 0
31 35 0
32 35 -500
33 35 -201.802305
34 35 0
35 35 1700
36 35 118.107139
37 35 0
38 35 -500
39 35 0
274 35 0
275 35 -700
276 35 0
31 36 0
32 36 0
33 36 -500
34 36 -5423.20727
35 36 118.107139
36 36 43466.9718
37 36 17.3023813
38 36 -92.5910485
39 36 -500
274 36 5405.90489
275 36 -25.5160909
276 36 -700
34 37 -500
35 37 0
36 37 17.3023813
37 37 1000
38 37 -8.8817842e-16
39 37 -31.1529143
40 37 -500
41 37 8.8817842e-16
42 37 0
34 38 0
35 38 -500
36 38 -92.5910485
37 38 -8.8817842e-16
38 38 1000
39 38 183.938222
40 38 -8.8817842e-16
41 38 -500
42 38 0
34 39 0
35 39 0
36 39 -500
37 39 -31.1529143
38 39 183.938222
39 39 1069.60755
40 39 31.1529143
41 39 -183.938222
42 39 -500
37 40 -500
38 40 -8.8817842e-16
39 40 31.1529143
40 40 1700
41 40 -2.66453526e-15
42 40 -5279.36481
43 40 -500
44 40 0
45 40 0
280 40 -700
281 40 1.77635684e-15
282 40 0
37 41 8.8817842e-16
38 41 -500
39 41 -183.938222
40 41 -2.66453526e-15
41 41 1700
42 41 -216.059073
43 41 0
44 41 -500
45 41 0
280 41 -1.77635684e-15
281 41 -700
282 41 0
37 42 0
38 42 0
39 42 -500
40 42 -5279.36481
41 42 -216.059073
42 42 42643.1808
43 42 -58.7026645
44 42 -145.565814
45 42 -500
280 42 5338.06748
281 42 361.624888
282 42 -700
40 43 -500
41 43 0
42 43 -58.7026645
43 43 1000
44 43 -1.42108547e-14
45 43 54.9356714
46 43 -500
47 43 1.42108547e-14
48 43 0
40 44 0
41 44 -500
42 44 -145.565814
43 44 -1.42108547e-14
44 44 1000
45 44 226.862651
46 44 -1.42108547e-14
47 44 -500
48 44 0
40 45 0
41 45 0
42 45 -500
43 45 54.9356714
44 45 226.862651
45 45 1108.96918
46 45 -54.9356714
47 45 -226.862651
48 45 -500
43 46 -500
44 46 -1.42108547e-14
45 46 -54.9356714
46 46 1700
47 46 -3.90798505e-14
48 46 -5412.01293
49 46 -500
50 46 -3.55271368e-15
51 46 0
286 46 -700
287 46 2.84217094e-14
288 46 0
43 47 1.42108547e-14
44 47 -500
45 47 -226.862651
46 47 -3.90798505e-14
47 47 1700
48 47 -658.593281
49 47 3.55271368e-15
50 47 -500
51 47 0
286 47 -2.84217094e-14
287 47 -700
288 47 0
43 48 0
44 48 0
45 48 -500
46 48 -5412.01293
47 48 -658.593281
48 48 46098.8299
49 48 -85.1482178
50 48 -224.431459
51 48 -500
286 48 5497.16115
287 48 883.02474
288 48 -700
46 49 -500
47 49 3.55271368e-15
48 49 -85.1482178
49 49 1000
50 49 7.10542736e-15
51 49 -16.1103198
52 49 -500
53 49 -3.55271368e-15
54 49 0
46 50 -3.55271368e-15
47 50 -500
48 50 -224.431459
49 50 7.10542736e-15
50 50 1000
51 50 201.855934
52 50 3.55271368e-15
53 50 -500
54 50 0
46 51 0
47 51 0
48 51 -500
49 51 -16.1103198
50 51 201.855934
51 51 1082.01072
52 51 16.1103198
53 51 -201.855934
54 51 -500
49 52 -500
50 52 3.55271368e-15
51 52 16.1103198
52 52 1700
53 52 1.0658141e-14
54 52 -5544.55531
55 52 -500
56 52 -3.55271368e-15
57 52 0
292 52 -700
293 52 -3.55271368e-15
294 52 0
49 53 -3.55271368e-15
50 53 -500
51 53 -201.855934
52 53 1.0658141e-14
53 53 1700
54 53 -1299.02029
55 53 3.55271368e-15
56 53 -500
57 53 0
292 53 3.55271368e-15
293 53 -700
294 53 0
49 54 0
50 54 0
51 54 -500
52 54 -5544.55531
53 54 -1299.02029
54 54 49599.7288
55 54 -49.2588921
56 54 -180.806801
57 54 -500
292 54 5593.81421
293 54 1479.82709
294 54 -700
52 55 -500
53 55 3.55271368e-15
54 55 -49.2588921
55 55 500
56 55 3.55271368e-15
57 55 0
58 55 0
59 55 0
60 55 0
52 56 -3.55271368e-15
53 56 -500
54 56 -180.806801
55 56 3.55271368e-15
56 56 500
57 56 0
58 56 0
59 56 0
60 56 0
52 57 0
53 57 0
54 57 -500
55 57 0
56 57 0
57 57 500
58 57 0
59 57 0
60 57 0
55 58 0
56 58 0
57 58 0
58 58 0
59 58 0
60 58 0
61 58 0
62 58 0
63 58 0
298 58 0
299 58 0
300 58 0
55 59 0
56 59 0
57 59 0
58 59 0
59 59 0
60 59 0
61 59 0
62 59 0
63 59 0
298 59 0
299 59 0
300 59 0
55 60 0
56 60 0
57 60 0
58 60 0
59 60 0
60 60 0
61 60 0
62 60 0
63 60 0
298 60 0
299 60 0
300 60 0
58 61 0
59 61 0
60 61 0
61 61 0
62 61 0
63 61 0
64 61 0
65 61 0
66 61 0
58 62 0
59 62 0
60 62 0
61 62 0
62 62 0
63 62 0
64 62 0
65 62 0
66 62 0
58 63 0
59 63 0
60 63 0
61 63 0
62 63 0
63 63 0
64 63 0
65 63 0
66 63 0
61 64 0
62 64 0
63 64 0
64 64 700
65 64 0
66 64 0
67 64 0
68 64 0
69 64 0
304 64 -700
305 64 0
306 64 0
61 65 0
62 65 0
63 65 0
64 65 0
65 65 700
66 65 0
67 65 0
68 65 0
69 65 0
304 65 0
305 65 -700
306 65 0
61 66 0
62 66 0
63 66 0
64 66 0
65 66 0
66 66 700
67 66 0
68 66 0
69 66 0
304 66 0
305 66 0
306 66 -700
64 67 0
65 67 0
66 67 0
67 67 0
68 67 0
69 67 0
70 67 0
71 67 0
72 67 0
64 68 0
65 68 0
66 68 0
67 68 0
68 68 0
69 68 0
70 68 0
71 68 0
72 68 0
64 69 0
65 69 0
66 69 0
67 69 0
68 69 0
69 69 0
70 69 0
71 69 0
72 69 0
67 70 0
68 70 0
69 70 0
70 70 700
71 70 0
72 70 0
73 70 0
74 70 0
75 70 0
310 70 -700
311 70 0
312 70 0
67 71 0
68 71 0
69 71 0
70 71 0
71 71 700
72 71 0
73 71 0
74 71 0
75 71 0
310 71 0
311 71 -700
312 71 0
67 72 0
68 72 0
69 72 0
70 72 0
71 72 0
72 72 700
73 72 0
74 72 0
75 72 0
310 72 0
311 72 0
312 72 -700
70 73 0
71 73 0
72 73 0
73 73 0
74 73 0
75 73 0
76 73 0
77 73 0
78 73 0
70 74 0
71 74 0
72 74 0
73 74 0
74 74 0
75 74 0
76 74 0
77 74 0
78 74 0
70 75 0
71 75 0
72 75 0
73 75 0
74 75 0
75 75 0
76 75 0
77 75 0
78 75 0
73 76 0
74 76 0
75 76 0
76 76 700
77 76 0
78 76 0
79 76 0
80 76 0
81 76 0
316 76 -700
317 76 0
318 76 0
73 77 0
74 77 0
75 77 0
76 77 0
77 77 700
78 77 0
79 77 0
80 77 0
81 77 0
316 77 0
317 77 -700
318 77 0
73 78 0
74 78 0
75 78 0
76 78 0
77 78 0
78 78 700
79 78 0
80 78 0
81 78 0
316 78 0
317 78 0
318 78 -700
76 79 0
77 79 0
78 79 0
79 79 0
80 79 0
81 79 0
82 79 0
83 79 0
84 79 0
76 80 0
77 80 0
78 80 0
79 80 0
80 80 0
81 80 0
82 80 0
83 80 0
84 80 0
76 81 0
77 81 0
78 81 0
79 81 0
80 81 0
81 81 0
82 81 0
83 81 0
84 81 0
79 82 0
80 82 0
81 82 0
82 82 700
83 82 0
84 82 0
85 82 0
86 82 0
87 82 0
322 82 -700
323 82 0
324 82 0
79 83 0
80 83 0
81 83 0
82 83 0
83 83 700
84 83 0
85 83 0
86 83 0
87 83 0
322 83 0
323 83 -700
324 83 0
79 84 0
80 84 0
81 84 0
82 84 0
83 84 0
84 84 700
85 84 0
86 84 0
87 84 0
322 84 0
323 84 0
324 84 -700
82 85 0
83 85 0
84 85 0
85 85 0
86 85 0
87 85 0
88 85 0
89 85 0
90 85 0
82 86 0
83 86 0
84 86 0
85 86 0
86 86 0
87 86 0
88 86 0
89 86 0
90 86 0
82 87 0
83 87 0
84 87 0
85 87 0
86 87 0
87 87 0
88 87 0
89 87 0
90 87 0
85 88 0
86 88 0
87 88 0
88 88 700
89 88 0
90 88 0
91 88 0
92 88 0
93 88 0
328 88 -700
329 88 0
330 88 0
85 89 0
86 89 0
87 89 0
88 89 0
89 89 700
90 89 0
91 89 0
92 89 0
93 89 0
328 89 0
329 89 -700
330 89 0
85 90 0
86 90 0
87 90 0
88 90 0
89 90 0
90 90 700
91 90 0
92 90 0
93 90 0
328 90 0
329 90 0
330 90 -700
88 91 0
89 91 0
90 91 0
91 91 0
92 91 0
93 91 0
94 91 0
95 91 0
96 91 0
88 92 0
89 92 0
90 92 0
91 92 0
92 92 0
93 92 0
94 92 0
95 92 0
96 92 0
88 93 0
89 93 0
90 93 0
91 93 0
92 93 0
93 93 0
94 93 0
95 93 0
96 93 0
91 94 0
92 94 0
93 94 0
94 94 700
95 94 0
96 94 0
97 94 0
98 94 0
99 94 0
334 94 -700
335 94 0
336 94 0
91 95 0
92 95 0
93 95 0
94 95 0
95 95 700
96 95 0
97 95 0
98 95 0
99 95 0
334 95 0
335 95 -700
336 95 0
91 96 0
92 96 0
93 96 0
94 96 0
95 96 0
96 96 700
97 96 0
98 96 0
99 96 0
334 96 0
335 96 0
336 96 -700
94 97 0
95 97 0
96 97 0
97 97 0
98 97 0
99 97 0
100 97 0
101 97 0
102 97 0
94 98 0
95 98 0
96 98 0
97 98 0
98 98 0
99 98 0
100 98 0
101 98 0
102 98 0
94 99 0
95 99 0
96 99 0
97 99 0
98 99 0
99 99 0
100 99 0
101 99 0
102 99 0
97 100 0
98 100 0
99 100 0
100 100 700
101 100 0
102 100 0
103 100 0
104 100 0
105 100 0
340 100 -700
341 100 0
342 100 0
97 101 0
98 101 0
99 101 0
100 101 0
101 101 700
102 101 0
103 101 0
104 101 0
105 101 0
340 101 0
341 101 -700
342 101 0
97 102 0
98 102 0
99 102 0
100 102 0
101 102 0
102 102 700
103 102 0
104 102 0
105 102 0
340 102 0
341 102 0
342 102 -700
100 103 0
101 103 0
102 103 0
103 103 0
104 103 0
105 103 0
106 103 0
107 103 0
108 103 0
100 104 0
101 104 0
102 104 0
103 104 0
104 104 0
105 104 0
106 104 0
107 104 0
108 104 0
100 105 0
101 105 0
102 105 0
103 105 0
104 105 0
105 105 0
106 105 0
107 105 0
108 105 0
103 106 0
104 106 0
105 106 0
106 106 700
107 106 0
108 106 0
109 106 0
110 106 0
111 106 0
346 106 -700
347 106 0
348 106 0
103 107 0
104 107 0
105 107 0
106 107 0
107 107 700
108 107 0
109 107 0
110 107 0
111 107 0
346 107 0
347 107 -700
348 107 0
103 108 0
104 108 0
105 108 0
106 108 0
107 108 0
108 108 700
109 108 0
110 108 0
111 108 0
346 108 0
347 108 0
348 108 -700
106 109 0
107 109 0
108 109 0
109 109 0
110 109 0
111 109 0
112 109 0
113 109 0
114 109 0
106 110 0
107 110 0
108 110 0
109 110 0
110 110 0
111 110 0
112 110 0
113 110 0
114 110 0
106 111 0
107 111 0
108 111 0
109 111 0
110 111 0
111 111 0
112 111 0
113 111 0
114 111 0
109 112 0
110 112 0
111 112 0
112 112 700
113 112 0
114 112 0
115 112 0
116 112 0
117 112 0
352 112 -700
353 112 0
354 112 0
109 113 0
110 113 0
111 113 0
112 113 0
113 113 700
114 113 0
115 113 0
116 113 0
117 113 0
352 113 0
353 113 -700
354 113 0
109 114 0
110 114 0
111 114 0
112 114 0
113 114 0
114 114 700
115 114 0
116 114 0
117 114 0
352 114 0
353 114 0
354 114 -700
112 115 0
113 115 0
114 115 0
115 115 0
116 115 0
117 115 0
118 115 0
119 115 0
120 115 0
112 116 0
113 116 0
114 116 0
115 116 0
116 116 0
117 116 0
118 116 0
119 116 0
120 116 0
112 117 0
113 117 0
114 117 0
115 117 0
116 117 0
117 117 0
118 117 0
119 117 0
120 117 0
115 118 0
116 118 0
117 118 0
118 118 0
119 118 0
120 118 0
121 118 0
122 118 0
123 118 0
115 119 0
116 119 0
117 119 0
118 119 0
119 119 0
120 119 0
121 119 0
122 119 0
123 119 0
115 120 0
116 120 0
117 120 0
118 120 0
119 120 0
120 120 0
121 120 0
122 120 0
123 120 0
118 121 0
119 121 0
120 121 0
121 121 0
122 121 0
123 121 0
124 121 0
125 121 0
126 121 0
118 122 0
119 122 0
120 122 0
121 122 0
122 122 0
123 122 0
124 122 0
125 122 0
126 122 0
118 123 0
119 123 0
120 123 0
121 123 0
122 123 0
123 123 0
124 123 0
125 123 0
126 123 0
121 124 0
122 124 0
123 124 0
124 124 0
125 124 0
126 124 0
127 124 0
128 124 0
129 124 0
121 125 0
122 125 0
123 125 0
124 125 0
125 125 0
126 125 0
127 125 0
128 125 0
129 125 0
121 126 0
122 126 0
123 126 0
124 126 0
125 126 0
126 126 0
127 126 0
128 126 0
129 126 0
124 127 0
125 127 0
126 127 0
127 127 0
128 127 0
129 127 0
130 127 0
131 127 0
132 127 0
124 128 0
125 128 0
126 128 0
127 128 0
128 128 0
129 128 0
130 128 0
131 128 0
132 128 0
124 129 0
125 129 0
126 129 0
127 129 0
128 129 0
129 129 0
130 129 0
131 129 0
132 129 0
127 130 0
128 130 0
129 130 0
130 130 0
131 130 0
132 130 0
133 130 0
134 130 0
135 130 0
127 131 0
128 131 0
129 131 0
130 131 0
131 131 0
132 131 0
133 131 0
134 131 0
135 131 0
127 132 0
128 132 0
129 132 0
130 132 0
131 132 0
132 132 0
133 132 0
134 132 0
135 132 0
130 133 0
131 133 0
132 133 0
133 133 0
134 133 0
135 133 0
136 133 0
137 133 0
138 133 0
130 134 0
131 134 0
132 134 0
133 134 0
134 134 0
135 134 0
136 134 0
137 134 0
138 134 0
130 135 0
131 135 0
132 135 0
133 135 0
134 135 0
135 135 0
136 135 0
137 135 0
138 135 0
133 136 0
134 136 0
135 136 0
136 136 0
137 136 0
138 136 0
139 136 0
140 136 0
141 136 0
133 137 0
134 137 0
135 137 0
136 137 0
137 137 0
138 137 0
139 137 0
140 137 0
141 137 0
133 138 0
134 138 0
135 138 0
136 138 0
137 138 0
138 138 0
139 138 0
140 138 0
141 138 0
136 139 0
137 139 0
138 139 0
139 139 0
140 139 0
141 139 0
142 139 0
143 139 0
144 139 0
136 140 0
137 140 0
138 140 0
139 140 0
140 140 0
141 140 0
142 140 0
143 140 0
144 140 0
136 141 0
137 141 0
138 141 0
139 141 0
140 141 0
141 141 0
142 141 0
143 141 0
144 141 0
139 142 0
140 142 0
141 142 0
142 142 0
143 142 0
144 142 0
145 142 0
146 142 0
147 142 0
139 143 0
140 143 0
141 143 0
142 143 0
143 143 0
144 143 0
145 143 0
146 143 0
147 143 0
139 144 0
140 144 0
141 144 0
142 144 0
143 144 0
144 144 0
145 144 0
146 144 0
147 144 0
142 145 0
143 145 0
144 145 0
145 145 0
146 145 0
147 145 0
148 145 0
149 145 0
150 145 0
142 146 0
143 146 0
144 146 0
145 146 0
146 146 0
147 146 0
148 146 0
149 146 0
150 146 0
142 147 0
143 147 0
144 147 0
145 147 0
146 147 0
147 147 0
148 147 0
149 147 0
150 147 0
145 148 0
146 148 0
147 148 0
148 148 0
149 148 0
150 148 0
151 148 0
152 148 0
153 148 0
145 149 0
146 149 0
147 149 0
148 149 0
149 149 0
150 149 0
151 149 0
152 149 0
153 149 0
145 150 0
146 150 0
147 150 0
148 150 0
149 150 0
150 150 0
151 150 0
152 150 0
153 150 0
148 151 0
149 151 0
150 151 0
151 151 0
152 151 0
153 151 0
154 151 0
155 151 0
156 151 0
148 152 0
149 152 0
150 152 0
151 152 0
152 152 0
153 152 0
154 152 0
155 152 0
156 152 0
148 153 0
149 153 0
150 153 0
151 153 0
152 153 0
153 153 0
154 153 0
155 153 0
156 153 0
151 154 0
152 154 0
153 154 0
154 154 0
155 154 0
156 154 0
157 154 0
158 154 0
159 154 0
151 155 0
152 155 0
153 155 0
154 155 0
155 155 0
156 155 0
157 155 0
158 155 0
159 155 0
151 156 0
152 156 0
153 156 0
154 156 0
155 156 0
156 156 0
157 156 0
158 156 0
159 156 0
154 157 0
155 157 0
156 157 0
157 157 0
158 157 0
159 157 0
160 157 0
161 157 0
162 157 0
154 158 0
155 158 0
156 158 0
157 158 0
158 158 0
159 158 0
160 158 0
161 158 0
162 158 0
154 159 0
155 159 0
156 159 0
157 159 0
158 159 0
159 159 0
160 159 0
161 159 0
162 159 0
157 160 0
158 160 0
159 160 0
160 160 0
161 160 0
162 160 0
163 160 0
164 160 0
165 160 0
157 161 0
158 161 0
159 161 0
160 161 0
161 161 0
162 161 0
163 161 0
164 161 0
165 161 0
157 162 0
158 162 0
159 162 0
160 162 0
161 162 0
162 162 0
163 162 0
164 162 0
165 162 0
160 163 0
161 163 0
162 163 0
163 163 0
164 163 0
165 163 0
166 163 0
167 163 0
168 163 0
160 164 0
161 164 0
162 164 0
163 164 0
164 164 0
165 164 0
166 164 0
167 164 0
168 164 0
160 165 0
161 165 0
162 165 0
163 165 0
164 165 0
165 165 0
166 165 0
167 165 0
168 165 0
163 166 0
164 166 0
165 166 0
166 166 0
167 166 0
168 166 0
169 166 0
170 166 0
171 166 0
163 167 0
164 167 0
165 167 0
166 167 0
167 167 0
168 167 0
169 167 0
170 167 0
171 167 0
163 168 0
164 168 0
165 168 0
166 168 0
167 168 0
168 168 0
169 168 0
170 168 0
171 168 0
166 169 0
167 169 0
168 169 0
169 169 0
170 169 0
171 169 0
172 169 0
173 169 0
174 169 0
166 170 0
167 170 0
168 170 0
169 170 0
170 170 0
171 170 0
172 170 0
173 170 0
174 170 0
166 171 0
167 171 0
168 171 0
169 171 0
170 171 0
171 171 0
172 171 0
173 171 0
174 171 0
169 172 0
170 172 0
171 172 0
172 172 0
173 172 0
174 172 0
175 172 0
176 172 0
177 172 0
169 173 0
170 173 0
171 173 0
172 173 0
173 173 0
174 173 0
175 173 0
176 173 0
177 173 0
169 174 0
170 174 0
171 174 0
172 174 0
173 174 0
174 174 0
175 174 0
176 174 0
177 174 0
172 175 0
173 175 0
174 175 0
175 175 0
176 175 0
177 175 0
178 175 0
179 175 0
180 175 0
172 176 0
173 176 0
174 176 0
175 176 0
176 176 0
177 176 0
178 176 0
179 176 0
180 176 0
172 177 0
173 177 0
174 177 0
175 177 0
176 177 0
177 177 0
178 177 0
179 177 0
180 177 0
175 178 0
176 178 0
177 178 0
178 178 0
179 178 0
180 178 0
181 178 0
182 178 0
183 178 0
175 179 0
176 179 0
177 179 0
178 179 0
179 179 0
180 179 0
181 179 0
182 179 0
183 179 0
175 180 0
176 180 0
177 180 0
178 180 0
179 180 0
180 180 0
181 180 0
182 180 0
183 180 0
178 181 0
179 181 0
180 181 0
181 181 0
182 181 0
183 181 0
184 181 0
185 181 0
186 181 0
178 182 0
179 182 0
180 182 0
181 182 0
182 182 0
183 182 0
184 182 0
185 182 0
186 182 0
178 183 0
179 183 0
180 183 0
181 183 0
182 183 0
183 183 0
184 183 0
185 183 0
186 183 0
181 184 0
182 184 0
183 184 0
184 184 0
185 184 0
186 184 0
187 184 0
188 184 0
189 184 0
181 185 0
182 185 0
183 185 0
184 185 0
185 185 0
186 185 0
187 185 0
188 185 0
189 185 0
181 186 0
182 186 0
183 186 0
184 186 0
185 186 0
186 186 0
187 186 0
188 186 0
189 186 0
184 187 0
185 187 0
186 187 0
187 187 0
188 187 0
189 187 0
190 187 0
191 187 0
192 187 0
184 188 0
185 188 0
186 188 0
187 188 0
188 188 0
189 188 0
190 188 0
191 188 0
192 188 0
184 189 0
185 189 0
186 189 0
187 189 0
188 189 0
189 189 0
190 189 0
191 189 0
192 189 0
187 190 0
188 190 0
189 190 0
190 190 0
191 190 0
192 190 0
193 190 0
194 190 0
195 190 0
187 191 0
188 191 0
189 191 0
190 191 0
191 191 0
192 191 0
193 191 0
194 191 0
195 191 0
187 192 0
188 192 0
189 192 0
190 192 0
191 192 0
192 192 0
193 192 0
194 192 0
195 192 0
190 193 0
191 193 0
192 193 0
193 193 0
194 193 0
195 193 0
196 193 0
197 193 0
198 193 0
190 194 0
191 194 0
192 194 0
193 194 0
194 194 0
195 194 0
196 194 0
197 194 0
198 194 0
190 195 0
191 195 0
192 195 0
193 195 0
194 195 0
195 195 0
196 195 0
197 195 0
198 195 0
193 196 0
194 196 0
195 196 0
196 196 0
197 196 0
198 196 0
199 196 0
200 196 0
201 196 0
193 197 0
194 197 0
195 197 0
196 197 0
197 197 0
198 197 0
199 197 0
200 197 0
201 197 0
193 198 0
194 198 0
195 198 0
196 198 0
197 198 0
198 198 0
199 198 0
200 198 0
201 198 0
196 199 0
197 199 0
198 199 0
199 199 0
200 199 0
201 199 0
202 199 0
203 199 0
204 199 0
196 200 0
197 200 0
198 200 0
199 200 0
200 200 0
201 200 0
202 200 0
203 200 0
204 200 0
196 201 0
197 201 0
198 201 0
199 201 0
200 201 0
201 201 0
202 201 0
203 201 0
204 201 0
199 202 0
200 202 0
201 202 0
202 202 0
203 202 0
204 202 0
205 202 0
206 202 0
207 202 0
199 203 0
200 203 0
201 203 0
202 203 0
203 203 0
204 203 0
205 203 0
206 203 0
207 203 0
199 204 0
200 204 0
201 204 0
202 204 0
203 204 0
204 204 0
205 204 0
206 204 0
207 204 0
202 205 0
203 205 0
204 205 0
205 205 0
206 205 0
207 205 0
208 205 0
209 205 0
210 205 0
202 206 0
203 206 0
204 206 0
205 206 0
206 206 0
207 206 0
208 206 0
209 206 0
210 206 0
202 207 0
203 207 0
204 207 0
205 207 0
206 207 0
207 207 0
208 207 0
209 207 0
210 207 0
205 208 0
206 208 0
207 208 0
208 208 0
209 208 0
210 208 0
211 208 0
212 208 0
213 208 0
205 209 0
206 209 0
207 209 0
208 209 0
209 209 0
210 209 0
211 209 0
212 209 0
213 209 0
205 210 0
206 210 0
207 210 0
208 210 0
209 210 0
210 210 0
211 210 0
212 210 0
213 210 0
208 211 0
209 211 0
210 211 0
211 211 0
212 211 0
213 211 0
214 211 0
215 211 0
216 211 0
208 212 0
209 212 0
210 212 0
211 212 0
212 212 0
213 212 0
214 212 0
215 212 0
216 212 0
208 213 0
209 213 0
210 213 0
211 213 0
212 213 0
213 213 0
214 213 0
215 213 0
216 213 0
211 214 0
212 214 0
213 214 0
214 214 0
215 214 0
216 214 0
217 214 0
218 214 0
219 214 0
211 215 0
212 215 0
213 215 0
214 215 0
215 215 0
216 215 0
217 215 0
218 215 0
219 215 0
211 216 0
212 216 0
213 216 0
214 216 0
215 216 0
216 216 0
217 216 0
218 216 0
219 216 0
214 217 0
215 217 0
216 217 0
217 217 0
218 217 0
219 217 0
220 217 0
221 217 0
222 217 0
214 218 0
215 218 0
216 218 0
217 218 0
218 218 0
219 218 0
220 218 0
221 218 0
222 218 0
214 219 0
215 219 0
216 219 0
217 219 0
218 219 0
219 219 0
220 219 0
221 219 0
222 219 0
217 220 0
218 220 0
219 220 0
220 220 0
221 220 0
222 220 0
223 220 0
224 220 0
225 220 0
217 221 0
218 221 0
219 221 0
220 221 0
221 221 0
222 221 0
223 221 0
224 221 0
225 221 0
217 222 0
218 222 0
219 222 0
220 222 0
221 222 0
222 222 0
223 222 0
224 222 0
225 222 0
220 223 0
221 223 0
222 223 0
223 223 0
224 223 0
225 223 0
226 223 0
227 223 0
228 223 0
220 224 0
221 224 0
222 224 0
223 224 0
224 224 0
225 224 0
226 224 0
227 224 0
228 224 0
220 225 0
221 225 0
222 225 0
223 225 0
224 225 0
225 225 0
226 225 0
227 225 0
228 225 0
223 226 0
224 226 0
225 226 0
226 226 0
227 226 0
228 226 0
229 226 0
230 226 0
231 226 0
223 227 0
224 227 0
225 227 0
226 227 0
227 227 0
228 227 0
229 227 0
230 227 0
231 227 0
223 228 0
224 228 0
225 228 0
226 228 0
227 228 0
228 228 0
229 228 0
230 228 0
231 228 0
226 229 0
227 229 0
228 229 0
229 229 0
230 229 0
231 229 0
232 229 0
233 229 0
234 229 0
226 230 0
227 230 0
228 230 0
229 230 0
230 230 0
231 230 0
232 230 0
233 230 0
234 230 0
226 231 0
227 231 0
228 231 0
229 231 0
230 231 0
231 231 0
232 231 0
233 231 0
234 231 0
229 232 0
230 232 0
231 232 0
232 232 0
233 232 0
234 232 0
235 232 0
236 232 0
237 232 0
229 233 0
230 233 0
231 233 0
232 233 0
233 233 0
234 233 0
235 233 0
236 233 0
237 233 0
229 234 0
230 234 0
231 234 0
232 234 0
233 234 0
234 234 0
235 234 0
236 234 0
237 234 0
232 235 0
233 235 0
234 235 0
235 235 0
236 235 0
237 235 0
238 235 0
239 235 0
240 235 0
232 236 0
233 236 0
234 236 0
235 236 0
236 236 0
237 236 0
238 236 0
239 236 0
240 236 0
232 237 0
233 237 0
234 237 0
235 237 0
236 237 0
237 237 0
238 237 0
239 237 0
240 237 0
235 238 0
236 238 0
237 238 0
238 238 0
239 238 0
240 238 0
241 238 0
242 238 0
243 238 0
235 239 0
236 239 0
237 239 0
238 239 0
239 239 0
240 239 0
241 239 0
242 239 0
243 239 0
235 240 0
236 240 0
237 240 0
238 240 0
239 240 0
240 240 0
241 240 0
242 240 0
243 240 0
238 241 0
239 241 0
240 241 0
241 241 0
242 241 0
243 241 0
244 241 0
245 241 0
246 241 0
238 242 0
239 242 0
240 242 0
241 242 0
242 242 0
243 242 0
244 242 0
245 242 0
246 242 0
238 243 0
239 243 0
240 243 0
241 243 0
242 243 0
243 243 0
244 243 0
245 243 0
246 243 0
4 244 -700
5 244 0
6 244 5600
241 244 0
242 244 0
243 244 0
244 244 700
245 244 0
246 244 0
247 244 0
248 244 0
249 244 0
4 245 0
5 245 -700
6 245 -2870
241 245 0
242 245 0
243 245 0
244 245 0
245 245 700
246 245 0
247 245 0
248 245 0
249 245 0
4 246 0
5 246 0
6 246 -700
241 246 0
242 246 0
243 246 0
244 246 0
245 246 0
246 246 700
247 246 0
248 246 0
249 246 0
244 247 0
245 247 0
246 247 0
247 247 0
248 247 0
249 247 0
250 247 0
251 247 0
252 247 0
244 248 0
245 248 0
246 248 0
247 248 0
248 248 0
249 248 0
250 248 0
251 248 0
252 248 0
244 249 0
245 249 0
246 249 0
247 249 0
248 249 0
249 249 0
250 249 0
251 249 0
252 249 0
10 250 -700
11 250 0
12 250 5600
247 250 0
248 250 0
249 250 0
250 250 700
251 250 0
252 250 0
253 250 0
254 250 0
255 250 0
10 251 0
11 251 -700
12 251 -2240
247 251 0
248 251 0
249 251 0
250 251 0
251 251 700
252 251 0
253 251 0
254 251 0
255 251 0
10 252 0
11 252 0
12 252 -700
247 252 0
248 252 0
249 252 0
250 252 0
251 252 0
252 252 700
253 252 0
254 252 0
255 252 0
250 253 0
251 253 0
252 253 0
253 253 0
254 253 0
255 253 0
256 253 0
257 253 0
258 253 0
250 254 0
251 254 0
252 254 0
253 254 0
254 254 0
255 254 0
256 254 0
257 254 0
258 254 0
250 255 0
251 255 0
252 255 0
253 255 0
254 255 0
255 255 0
256 255 0
257 255 0
258 255 0
16 256 -700
17 256 7.10542736e-15
18 256 5733.45476
253 256 0
254 256 0
255 256 0
256 256 700
257 256 7.10542736e-15
258 256 0
259 256 0
260 256 0
261 256 0
16 257 -7.10542736e-15
17 257 -700
18 257 -1606.2419
253 257 0
254 257 0
255 257 0
256 257 7.10542736e-15
257 257 700
258 257 0
259 257 0
260 257 0
261 257 0
16 258 0
17 258 0
18 258 -700
253 258 0
254 258 0
255 258 0
256 258 0
257 258 0
258 258 700
259 258 0
260 258 0
261 258 0
256 259 0
257 259 0
258 259 0
259 259 0
260 259 0
261 259 0
262 259 0
263 259 0
264 259 0
256 260 0
257 260 0
258 260 0
259 260 0
260 260 0
261 260 0
262 260 0
263 260 0
264 260 0
256 261 0
257 261 0
258 261 0
259 261 0
260 261 0
261 261 0
262 261 0
263 261 0
264 261 0
22 262 -700
23 262 0
24 262 5746.52599
259 262 0
260 262 0
261 262 0
262 262 700
263 262 0
264 262 0
265 262 0
266 262 0
267 262 0
22 263 0
23 263 -700
24 263 -1097.64822
259 263 0
260 263 0
261 263 0
262 263 0
263 263 700
264 263 0
265 263 0
266 263 0
267 263 0
22 264 0
23 264 0
24 264 -700
259 264 0
260 264 0
261 264 0
262 264 0
263 264 0
264 264 700
265 264 0
266 264 0
267 264 0
262 265 0
263 265 0
264 265 0
265 265 0
266 265 0
267 265 0
268 265 0
269 265 0
270 265 0
262 266 0
263 266 0
264 266 0
265 266 0
266 266 0
267 266 0
268 266 0
269 266 0
270 266 0
262 267 0
263 267 0
264 267 0
265 267 0
266 267 0
267 267 0
268 267 0
269 267 0
270 267 0
28 268 -700
29 268 0
30 268 5652.05279
265 268 0
266 268 0
267 268 0
268 268 700
269 268 0
270 268 0
271 268 0
272 268 0
273 268 0
28 269 0
29 269 -700
30 269 -581.173569
265 269 0
266 269 0
267 269 0
268 269 0
269 269 700
270 269 0
271 269 0
272 269 0
273 269 0
28 270 0
29 270 0
30 270 -700
265 270 0
266 270 0
267 270 0
268 270 0
269 270 0
270 270 700
271 270 0
272 270 0
273 270 0
268 271 0
269 271 0
270 271 0
271 271 0
272 271 0
273 271 0
274 271 0
275 271 0
276 271 0
268 272 0
269 272 0
270 272 0
271 272 0
272 272 0
273 272 0
274 272 0
275 272 0
276 272 0
268 273 0
269 273 0
270 273 0
271 273 0
272 273 0
273 273 0
274 273 0
275 273 0
276 273 0
34 274 -700
35 274 0
36 274 5405.90489
271 274 0
272 274 0
273 274 0
274 274 700
275 274 0
276 274 0
277 274 0
278 274 0
279 274 0
34 275 0
35 275 -700
36 275 -25.5160909
271 275 0
272 275 0
273 275 0
274 275 0
275 275 700
276 275 0
277 275 0
278 275 0
279 275 0
34 276 0
35 276 0
36 276 -700
271 276 0
272 276 0
273 276 0
274 276 0
275 276 0
276 276 700
277 276 0
278 276 0
279 276 0
274 277 0
275 277 0
276 277 0
277 277 0
278 277 0
279 277 0
280 277 0
281 277 0
282 277 0
274 278 0
275 278 0
276 278 0
277 278 0
278 278 0
279 278 0
280 278 0
281 278 0
282 278 0
274 279 0
275 279 0
276 279 0
277 279 0
278 279 0
279 279 0
280 279 0
281 279 0
282 279 0
40 280 -700
41 280 -1.77635684e-15
42 280 5338.06748
277 280 0
278 280 0
279 280 0
280 280 700
281 280 -1.77635684e-15
282 280 0
283 280 0
284 280 0
285 280 0
40 281 1.77635684e-15
41 281 -700
42 281 361.624888
277 281 0
278 281 0
279 281 0
280 281 -1.77635684e-15
281 281 700
282 281 0
283 281 0
284 281 0
285 281 0
40 282 0
41 282 0
42 282 -700
277 282 0
278 282 0
279 282 0
280 282 0
281 282 0
282 282 700
283 282 0
284 282 0
285 282 0
280 283 0
281 283 0
282 283 0
283 283 0
284 283 0
285 283 0
286 283 0
287 283 0
288 283 0
280 284 0
281 284 0
282 284 0
283 284 0
284 284 0
285 284 0
286 284 0
287 284 0
288 284 0
280 285 0
281 285 0
282 285 0
283 285 0
284 285 0
285 285 0
286 285 0
287 285 0
288 285 0
46 286 -700
47 286 -2.84217094e-14
48 286 5497.16115
283 286 0
284 286 0
285 286 0
286 286 700
287 286 -2.84217094e-14
288 286 0
289 286 0
290 286 0
291 286 0
46 287 2.84217094e-14
47 287 -700
48 287 883.02474
283 287 0
284 287 0
285 287 0
286 287 -2.84217094e-14
287 287 700
288 287 0
289 287 0
290 287 0
291 287 0
46 288 0
47 288 0
48 288 -700
283 288 0
284 288 0
285 288 0
286 288 0
287 288 0
288 288 700
289 288 0
290 288 0
291 288 0
286 289 0
287 289 0
288 289 0
289 289 0
290 289 0
291 289 0
292 289 0
293 289 0
294 289 0
286 290 0
287 290 0
288 290 0
289 290 0
290 290 0
291 290 0
292 290 0
293 290 0
294 290 0
286 291 0
287 291 0
288 291 0
289 291 0
290 291 0
291 291 0
292 291 0
293 291 0
294 291 0
52 292 -700
53 292 3.55271368e-15
54 292 5593.81421
289 292 0
290 292 0
291 292 0
292 292 700
293 292 3.55271368e-15
294 292 0
295 292 0
296 292 0
297 292 0
52 293 -3.55271368e-15
53 293 -700
54 293 1479.82709
289 293 0
290 293 0
291 293 0
292 293 3.55271368e-15
293 293 700
294 293 0
295 293 0
296 293 0
297 293 0
52 294 0
53 294 0
54 294 -700
289 294 0
290 294 0
291 294 0
292 294 0
293 294 0
294 294 700
295 294 0
296 294 0
297 294 0
292 295 0
293 295 0
294 295 0
295 295 0
296 295 0
297 295 0
298 295 0
299 295 0
300 295 0
292 296 0
293 296 0
294 296 0
295 296 0
296 296 0
297 296 0
298 296 0
299 296 0
300 296 0
292 297 0
293 297 0
294 297 0
295 297 0
296 297 0
297 297 0
298 297 0
299 297 0
300 297 0
58 298 0
59 298 0
60 298 0
295 298 0
296 298 0
297 298 0
298 298 0
299 298 0
300 298 0
301 298 0
302 298 0
303 298 0
58 299 0
59 299 0
60 299 0
295 299 0
296 299 0
297 299 0
298 299 0
299 299 0
300 299 0
301 299 0
302 299 0
303 299 0
58 300 0
59 300 0
60 300 0
295 300 0
296 300 0
297 300 0
298 300 0
299 300 0
300 300 0
301 300 0
302 300 0
303 300 0
298 301 0
299 301 0
300 301 0
301 301 0
302 301 0
303 301 0
304 301 0
305 301 0
306 301 0
298 302 0
299 302 0
300 302 0
301 302 0
302 302 0
303 302 0
304 302 0
305 302 0
306 302 0
298 303 0
299 303 0
300 303 0
301 303 0
302 303 0
303 303 0
304 303 0
305 303 0
306 303 0
64 304 -700
65 304 0
66 304 0
301 304 0
302 304 0
303 304 0
304 304 700
305 304 0
306 304 0
307 304 0
308 304 0
309 304 0
64 305 0
65 305 -700
66 305 0
301 305 0
302 305 0
303 305 0
304 305 0
305 305 700
306 305 0
307 305 0
308 305 0
309 305 0
64 306 0
65 306 0
66 306 -700
301 306 0
302 306 0
303 306 0
304 306 0
305 306 0
306 306 700
307 306 0
308 306 0
309 306 0
304 307 0
305 307 0
306 307 0
307 307 0
308 307 0
309 307 0
310 307 0
311 307 0
312 307 0
304 308 0
305 308 0
306 308 0
307 308 0
308 308 0
309 308 0
310 308 0
311 308 0
312 308 0
304 309 0
305 309 0
306 309 0
307 309 0
308 309 0
309 309 0
310 309 0
311 309 0
312 309 0
70 310 -700
71 310 0
72 310 0
307 310 0
308 310 0
309 310 0
310 310 700
311 310 0
312 310 0
313 310 0
314 310 0
315 310 0
70 311 0
71 311 -700
72 311 0
307 311 0
308 311 0
309 311 0
310 311 0
311 311 700
312 311 0
313 311 0
314 311 0
315 311 0
70 312 0
71 312 0
72 312 -700
307 312 0
308 312 0
309 312 0
310 312 0
311 312 0
312 312 700
313 312 0
314 312 0
315 312 0
310 313 0
311 313 0
312 313 0
313 313 0
314 313 0
315 313 0
316 313 0
317 313 0
318 313 0
310 314 0
311 314 0
312 314 0
313 314 0
314 314 0
315 314 0
316 314 0
317 314 0
318 314 0
310 315 0
311 315 0
312 315 0
313 315 0
314 315 0
315 315 0
316 315 0
317 315 0
318 315 0
76 316 -700
77 316 0
78 316 0
313 316 0
314 316 0
315 316 0
316 316 700
317 316 0
318 316 0
319 316 0
320 316 0
321 316 0
76 317 0
77 317 -700
78 317 0
313 317 0
314 317 0
315 317 0
316 317 0
317 317 700
318 317 0
319 317 0
320 317 0
321 317 0
76 318 0
77 318 0
78 318 -700
313 318 0
314 318 0
315 318 0
316 318 0
317 318 0
318 318 700
319 318 0
320 318 0
321 318 0
316 319 0
317 319 0
318 319 0
319 319 0
320 319 0
321 319 0
322 319 0
323 319 0
324 319 0
316 320 0
317 320 0
318 320 0
319 320 0
320 320 0
321 320 0
322 320 0
323 320 0
324 320 0
316 321 0
317 321 0
318 321 0
319 321 0
320 321 0
321 321 0
322 321 0
323 321 0
324 321 0
82 322 -700
83 322 0
84 322 0
319 322 0
320 322 0
321 322 0
322 322 700
323 322 0
324 322 0
325 322 0
326 322 0
327 322 0
82 323 0
83 323 -700
84 323 0
319 323 0
320 323 0
321 323 0
322 323 0
323 323 700
324 323 0
325 323 0
326 323 0
327 323 0
82 324 0
83 324 0
84 324 -700
319 324 0
320 324 0
321 324 0
322 324 0
323 324 0
324 324 700
325 324 0
326 324 0
327 324 0
322 325 0
323 325 0
324 325 0
325 325 0
326 325 0
327 325 0
328 325 0
329 325 0
330 325 0
322 326 0
323 326 0
324 326 0
325 326 0
326 326 0
327 326 0
328 326 0
329 326 0
330 326 0
322 327 0
323 327 0
324 327 0
325 327 0
326 327 0
327 327 0
328 327 0
329 327 0
330 327 0
88 328 -700
89 328 0
90 328 0
325 328 0
326 328 0
327 328 0
328 328 700
329 328 0
330 328 0
331 328 0
332 328 0
333 328 0
88 329 0
89 329 -700
90 329 0
325 329 0
326 329 0
327 329 0
328 329 0
329 329 700
330 329 0
331 329 0
332 329 0
333 329 0
88 330 0
89 330 0
90 330 -700
325 330 0
326 330 0
327 330 0
328 330 0
329 330 0
330 330 700
331 330 0
332 330 0
333 330 0
328 331 0
329 331 0
330 331 0
331 331 0
332 331 0
333 331 0
334 331 0
335 331 0
336 331 0
328 332 0
329 332 0
330 332 0
331 332 0
332 332 0
333 332 0
334 332 0
335 332 0
336 332 0
328 333 0
329 333 0
330 333 0
331 333 0
332 333 0
333 333 0
334 333 0
335 333 0
336 333 0
94 334 -700
95 334 0
96 334 0
331 334 0
332 334 0
333 334 0
334 334 700
335 334 0
336 334 0
337 334 0
338 334 0
339 334 0
94 335 0
95 335 -700
96 335 0
331 335 0
332 335 0
333 335 0
334 335 0
335 335 700
336 335 0
337 335 0
338 335 0
339 335 0
94 336 0
95 336 0
96 336 -700
331 336 0
332 336 0
333 336 0
334 336 0
335 336 0
336 336 700
337 336 0
338 336 0
339 336 0
334 337 0
335 337 0
336 337 0
337 337 0
338 337 0
339 337 0
340 337 0
341 337 0
342 337 0
334 338 0
335 338 0
336 338 0
337 338 0
338 338 0
339 338 0
340 338 0
341 338 0
342 338 0
334 339 0
335 339 0
336 339 0
337 339 0
338 339 0
339 339 0
340 339 0
341 339 0
342 339 0
100 340 -700
101 340 0
102 340 0
337 340 0
338 340 0
339 340 0
340 340 700
341 340 0
342 340 0
343 340 0
344 340 0
345 340 0
100 341 0
101 341 -700
102 341 0
337 341 0
338 341 0
339 341 0
340 341 0
341 341 700
342 341 0
343 341 0
344 341 0
345 341 0
100 342 0
101 342 0
102 342 -700
337 342 0
338 342 0
339 342 0
340 342 0
341 342 0
342 342 700
343 342 0
344 342 0
345 342 0
340 343 0
341 343 0
342 343 0
343 343 0
344 343 0
345 343 0
346 343 0
347 343 0
348 343 0
340 344 0
341 344 0
342 344 0
343 344 0
344 344 0
345 344 0
346 344 0
347 344 0
348 344 0
340 345 0
341 345 0
342 345 0
343 345 0
344 345 0
345 345 0
346 345 0
347 345 0
348 345 0
106 346 -700
107 346 0
108 346 0
343 346 0
344 346 0
345 346 0
346 346 700
347 346 0
348 346 0
349 346 0
350 346 0
351 346 0
106 347 0
107 347 -700
108 347 0
343 347 0
344 347 0
345 347 0
346 347 0
347 347 700
348 347 0
349 347 0
350 347 0
351 347 0
106 348 0
107 348 0
108 348 -700
343 348 0
344 348 0
345 348 0
346 348 0
347 348 0
348 348 700
349 348 0
350 348 0
351 348 0
346 349 0
347 349 0
348 349 0
349 349 0
350 349 0
351 349 0
352 349 0
353 349 0
354 349 0
346 350 0
347 350 0
348 350 0
349 350 0
350 350 0
351 350 0
352 350 0
353 350 0
354 350 0
346 351 0
347 351 0
348 351 0
349 351 0
350 351 0
351 351 0
352 351 0
353 351 0
354 351 0
112 352 -700
113 352 0
114 352 0
349 352 0
350 352 0
351 352 0
352 352 700
353 352 0
354 352 0
355 352 0
356 352 0
357 352 0
112 353 0
113 353 -700
114 353 0
349 353 0
350 353 0
351 353 0
352 353 0
353 353 700
354 353 0
355 353 0
356 353 0
357 353 0
112 354 0
113 354 0
114 354 -700
349 354 0
350 354 0
351 354 0
352 354 0
353 354 0
354 354 700
355 354 0
356 354 0
357 354 0
352 355 0
353 355 0
354 355 0
355 355 0
356 355 0
357 355 0
352 356 0
353 356 0
354 356 0
355 356 0
356 356 0
357 356 0
352 357 0
353 357 0
354 357 0
355 357 0
356 357 0
357 357 0
